64 1 2 4 1 all 24.160000681877136
64 1 2 4 1 reject 28.34720015525818
64 1 2 4 4 all 29.35679852962494
64 1 2 4 4 reject 34.331199526786804
64 1 2 8 1 all 45.9632009267807
64 1 2 8 1 reject 51.686400175094604
64 1 2 8 4 all 56.51199817657471
64 1 2 8 4 reject 66.60799980163574
64 4 2 4 1 all 14.841599762439728
64 4 2 4 1 reject 17.11360067129135
64 4 2 4 4 all 28.086400032043457
64 4 2 4 4 reject 32.75359869003296
64 4 2 8 1 all 23.13919961452484
64 4 2 8 1 reject 25.668799877166748
64 4 2 8 4 all 44.76799964904785
64 4 2 8 4 reject 51.20000243186951
32 4 2 4 1 all 15.110400319099426
32 4 2 4 1 reject 17.868800461292267
32 4 2 4 4 all 35.58880090713501
32 4 2 4 4 reject 42.03520119190216
32 4 2 8 1 all 24.78400021791458
32 4 2 8 1 reject 28.271999955177307
32 4 2 8 4 all 60.58239936828613
32 4 2 8 4 reject 68.45759749412537
64 1 4 4 1 all 22.10240066051483
64 1 4 4 1 reject 26.35520100593567
64 1 4 4 4 all 24.409599602222443
64 1 4 4 4 reject 29.16480004787445
64 1 4 8 1 all 38.257598876953125
64 1 4 8 1 reject 44.123199582099915
64 1 4 8 4 all 41.51520133018494
64 1 4 8 4 reject 48.35839867591858
